[IMG202011161830590.jpg]
filters=retouch=1;
moddate=083f59d0d1f3d701
width=3000
height=4000
textactive=0
[IMG202011161830590.1.jpg]
filters=retouch=1;
moddate=d3ff0ff9d1f3d701
width=3000
height=4000
textactive=0
[IMG202011161830590.2.jpg]
filters=retouch=1;finetune2=1,0.602339,0.000000,0.213333,00000000,0.730994;
moddate=43823915d2f3d701
width=3000
height=4000
textactive=0
